{
 "cells": [
  {
   "cell_type": "markdown",
   "metadata": {},
   "source": [
    "![](5.jpg)"
   ]
  },
  {
   "cell_type": "code",
   "execution_count": 1,
   "metadata": {},
   "outputs": [],
   "source": [
    "import numpy as np"
   ]
  },
  {
   "cell_type": "code",
   "execution_count": 14,
   "metadata": {},
   "outputs": [],
   "source": [
    "file = open('binpack.txt', 'r')\n",
    "first_line = file.readline()\n",
    "bin_size = bin_size = int(first_line.replace('bin size=', '').strip())\n",
    "lines = file.read().split('\\n')\n",
    "file.close()\n",
    "items = np.array([float(line) for line in lines])"
   ]
  },
  {
   "cell_type": "code",
   "execution_count": 15,
   "metadata": {},
   "outputs": [
    {
     "data": {
      "text/plain": [
       "100"
      ]
     },
     "execution_count": 15,
     "metadata": {},
     "output_type": "execute_result"
    }
   ],
   "source": [
    "bin_size"
   ]
  },
  {
   "cell_type": "code",
   "execution_count": 16,
   "metadata": {},
   "outputs": [
    {
     "data": {
      "text/plain": [
       "array([36.6, 26.8, 36.6, 43. , 26.3, 30.7, 41.4, 28.7, 29.9, 49.5, 25.1,\n",
       "       25.4, 47.4, 25.2, 27.4, 37. , 26.9, 36.1, 47.3, 25.2, 27.5, 47.2,\n",
       "       25.9, 26.9, 44.4, 25.8, 29.8, 43.9, 27.3, 28.8, 44.5, 27.2, 28.3,\n",
       "       41.9, 26.1, 32. , 36.3, 27.1, 36.6, 35.5, 27.3, 37.2, 46.6, 26.2,\n",
       "       27.2, 35.7, 29.2, 35.1, 39.5, 25.5, 35. , 35. , 30.3, 34.7, 45. ,\n",
       "       25.2, 29.8, 41. , 27.5, 31.5, 40.7, 26. , 33.3, 36.6, 27.1, 36.3,\n",
       "       35. , 29.4, 35.6, 48. , 25.3, 26.7, 44.6, 25.9, 29.5, 37.6, 26.7,\n",
       "       35.7, 36.6, 28.2, 35.2, 47.8, 25.6, 26.6, 42. , 25.1, 32.9, 43.4,\n",
       "       25.2, 31.4, 47. , 25.4, 27.6, 49.7, 25. , 25.3, 49.7, 25. , 25.3,\n",
       "       44.5, 25.4, 30.1, 41.2, 26.3, 32.5, 40. , 29.8, 30.2, 36.2, 28.2,\n",
       "       35.6, 40.5, 25.9, 33.6, 39.7, 29. , 31.3, 48.5, 25.3, 26.2, 36.7,\n",
       "       27.4, 35.9, 35.5, 26.3, 38.2, 47.1, 25.8, 27.1, 46.4, 25.9, 27.7,\n",
       "       42.6, 28.1, 29.3, 49.8, 25. , 25.2, 39.2, 25.7, 35.1, 48.5, 25.1,\n",
       "       26.4, 44.1, 27.2, 28.7, 39.2, 27.5, 33.3, 35. , 26.4, 38.6, 49.1,\n",
       "       25.1, 25.8, 43.7, 25.5, 30.8, 47.3, 25.1, 27.6, 41.5, 25.5, 33. ,\n",
       "       49.5, 25. , 25.5, 48.8, 25.3, 25.9, 48.5, 25.5, 26. , 41.9, 28.7,\n",
       "       29.4, 46.9, 25. , 28.1, 38.5, 26.9, 34.6, 49. , 25.2, 25.8, 46.2,\n",
       "       26.4, 27.4, 49.7, 25. , 25.3, 42.6, 26.2, 31.2, 44.6, 27.4, 28. ,\n",
       "       39.2, 29.4, 31.4, 49.2, 25. , 25.8, 49.1, 25. , 25.9, 36.7, 27.6,\n",
       "       35.7, 49.6, 25.1, 25.3, 40.6, 25.2, 34.2, 44.1, 25.4, 30.5, 48.5,\n",
       "       25.4, 26.1, 37. , 29.3, 33.7, 42.1, 27.1, 30.8, 39.3, 29.7, 31. ,\n",
       "       47.9, 25. , 27.1, 48.1, 25. , 26.9, 48. , 25.5, 26.5, 36.5, 29.1,\n",
       "       34.4, 42.2, 26. , 31.8, 40.4, 27.8, 31.8, 39.3, 26.3, 34.4, 43.4,\n",
       "       27.5, 29.1, 48.8, 25.3, 25.9, 46.5, 25.3, 28.2, 46. , 25.9, 28.1,\n",
       "       44.7, 26.9, 28.4, 45.6, 27.1, 27.3, 44.5, 27.5, 28. , 47.8, 25.5,\n",
       "       26.7, 41.7, 26.5, 31.8, 45.9, 26.7, 27.4, 39.2, 25.4, 35.4, 49.5,\n",
       "       25.1, 25.4, 41.8, 26.1, 32.1, 36.9, 28.2, 34.9, 37.7, 27.6, 34.7,\n",
       "       35.4, 26.5, 38.1, 40.2, 25.6, 34.2, 49.3, 25.3, 25.4, 47.5, 25.9,\n",
       "       26.6, 43.3, 28. , 28.7, 49.3, 25.2, 25.5, 42.5, 27.4, 30.1, 40.1,\n",
       "       25.9, 34. , 41.8, 25.8, 32.4, 44.6, 27. , 28.4, 48.7, 25.4, 25.9,\n",
       "       39. , 26.7, 34.3, 49.6, 25. , 25.4, 48.7, 25.4, 25.9, 36.9, 25.4,\n",
       "       37.7, 42.3, 27. , 30.7, 36.3, 29.7, 34. , 37.9, 28.2, 33.9, 39.4,\n",
       "       25.4, 35.2, 38.1, 27.2, 34.7, 48.4, 25.6, 26. , 36.9, 29.1, 34. ,\n",
       "       43.3, 26.8, 29.9, 46.7, 26.2, 27.1, 37.5, 30.1, 32.4, 44.3, 27.4,\n",
       "       28.3, 42.1, 27.3, 30.6, 35.9, 30.7, 33.4, 42.5, 25.8, 31.7, 41.8,\n",
       "       25.1, 33.1, 37.5, 28.7, 33.8, 35. , 27.4, 37.6, 46.3, 25.2, 28.5,\n",
       "       45.7, 25.8, 28.5, 49. , 25.3, 25.7, 35.6, 25. , 39.4, 47.9, 25.8,\n",
       "       26.3, 45.6, 25.9, 28.5, 48.3, 25.5, 26.2, 37.5, 29.2, 33.3, 49.8,\n",
       "       25. , 25.2, 35.6, 29.8, 34.6, 39.5, 26.2, 34.3, 39.8, 26.9, 33.3,\n",
       "       37.3, 28. , 34.7, 38.1, 29.6, 32.3, 45.1, 25.1, 29.8, 36.4, 25.3,\n",
       "       38.3, 43.7, 25. , 31.3, 47.8, 25.8, 26.4, 41.9, 25.5, 32.6, 36.2,\n",
       "       25.7, 38.1, 41.8, 28.7, 29.5, 45.5, 27. , 27.5, 42.5, 28.5, 29. ,\n",
       "       46.7, 25.8, 27.5, 40.6, 27.4, 32. , 37.2, 28.8, 34. , 48. , 25.3,\n",
       "       26.7, 41. , 29.4, 29.6, 44.5, 25.6, 29.9, 39.9, 27.2, 32.9, 41.7,\n",
       "       27.1, 31.2, 49.8, 25. , 25.2, 41.3, 25.6, 33.1, 47.5, 25.2, 27.3,\n",
       "       44.2, 26.9, 28.9, 45.6, 25.3, 29.1])"
      ]
     },
     "execution_count": 16,
     "metadata": {},
     "output_type": "execute_result"
    }
   ],
   "source": [
    "items"
   ]
  },
  {
   "cell_type": "markdown",
   "metadata": {},
   "source": [
    "# Online"
   ]
  },
  {
   "cell_type": "markdown",
   "metadata": {},
   "source": [
    "Next-fin"
   ]
  },
  {
   "cell_type": "code",
   "execution_count": 36,
   "metadata": {},
   "outputs": [
    {
     "name": "stdout",
     "output_type": "stream",
     "text": [
      "167\n"
     ]
    }
   ],
   "source": [
    "def next_fit(items, bin_capacity):\n",
    "    bins = []\n",
    "    current_bin = []\n",
    "\n",
    "    for item in items:\n",
    "        if sum(current_bin) + item <= bin_capacity + 1e-5:\n",
    "            current_bin.append(item)\n",
    "        else:\n",
    "            bins.append(current_bin)\n",
    "            current_bin = [item]\n",
    "\n",
    "    bins.append(current_bin)\n",
    "    return bins\n",
    "\n",
    "bins = next_fit(items, bin_size)\n",
    "print(len(bins))"
   ]
  },
  {
   "cell_type": "code",
   "execution_count": 37,
   "metadata": {},
   "outputs": [
    {
     "data": {
      "text/plain": [
       "[[36.6, 26.8, 36.6],\n",
       " [43.0, 26.3, 30.7],\n",
       " [41.4, 28.7, 29.9],\n",
       " [49.5, 25.1, 25.4],\n",
       " [47.4, 25.2, 27.4],\n",
       " [37.0, 26.9, 36.1],\n",
       " [47.3, 25.2, 27.5],\n",
       " [47.2, 25.9, 26.9],\n",
       " [44.4, 25.8, 29.8],\n",
       " [43.9, 27.3, 28.8],\n",
       " [44.5, 27.2, 28.3],\n",
       " [41.9, 26.1, 32.0],\n",
       " [36.3, 27.1, 36.6],\n",
       " [35.5, 27.3, 37.2],\n",
       " [46.6, 26.2, 27.2],\n",
       " [35.7, 29.2, 35.1],\n",
       " [39.5, 25.5, 35.0],\n",
       " [35.0, 30.3, 34.7],\n",
       " [45.0, 25.2, 29.8],\n",
       " [41.0, 27.5, 31.5],\n",
       " [40.7, 26.0, 33.3],\n",
       " [36.6, 27.1, 36.3],\n",
       " [35.0, 29.4, 35.6],\n",
       " [48.0, 25.3, 26.7],\n",
       " [44.6, 25.9, 29.5],\n",
       " [37.6, 26.7, 35.7],\n",
       " [36.6, 28.2, 35.2],\n",
       " [47.8, 25.6, 26.6],\n",
       " [42.0, 25.1, 32.9],\n",
       " [43.4, 25.2, 31.4],\n",
       " [47.0, 25.4, 27.6],\n",
       " [49.7, 25.0, 25.3],\n",
       " [49.7, 25.0, 25.3],\n",
       " [44.5, 25.4, 30.1],\n",
       " [41.2, 26.3, 32.5],\n",
       " [40.0, 29.8, 30.2],\n",
       " [36.2, 28.2, 35.6],\n",
       " [40.5, 25.9, 33.6],\n",
       " [39.7, 29.0, 31.3],\n",
       " [48.5, 25.3, 26.2],\n",
       " [36.7, 27.4, 35.9],\n",
       " [35.5, 26.3, 38.2],\n",
       " [47.1, 25.8, 27.1],\n",
       " [46.4, 25.9, 27.7],\n",
       " [42.6, 28.1, 29.3],\n",
       " [49.8, 25.0, 25.2],\n",
       " [39.2, 25.7, 35.1],\n",
       " [48.5, 25.1, 26.4],\n",
       " [44.1, 27.2, 28.7],\n",
       " [39.2, 27.5, 33.3],\n",
       " [35.0, 26.4, 38.6],\n",
       " [49.1, 25.1, 25.8],\n",
       " [43.7, 25.5, 30.8],\n",
       " [47.3, 25.1, 27.6],\n",
       " [41.5, 25.5, 33.0],\n",
       " [49.5, 25.0, 25.5],\n",
       " [48.8, 25.3, 25.9],\n",
       " [48.5, 25.5, 26.0],\n",
       " [41.9, 28.7, 29.4],\n",
       " [46.9, 25.0, 28.1],\n",
       " [38.5, 26.9, 34.6],\n",
       " [49.0, 25.2, 25.8],\n",
       " [46.2, 26.4, 27.4],\n",
       " [49.7, 25.0, 25.3],\n",
       " [42.6, 26.2, 31.2],\n",
       " [44.6, 27.4, 28.0],\n",
       " [39.2, 29.4, 31.4],\n",
       " [49.2, 25.0, 25.8],\n",
       " [49.1, 25.0, 25.9],\n",
       " [36.7, 27.6, 35.7],\n",
       " [49.6, 25.1, 25.3],\n",
       " [40.6, 25.2, 34.2],\n",
       " [44.1, 25.4, 30.5],\n",
       " [48.5, 25.4, 26.1],\n",
       " [37.0, 29.3, 33.7],\n",
       " [42.1, 27.1, 30.8],\n",
       " [39.3, 29.7, 31.0],\n",
       " [47.9, 25.0, 27.1],\n",
       " [48.1, 25.0, 26.9],\n",
       " [48.0, 25.5, 26.5],\n",
       " [36.5, 29.1, 34.4],\n",
       " [42.2, 26.0, 31.8],\n",
       " [40.4, 27.8, 31.8],\n",
       " [39.3, 26.3, 34.4],\n",
       " [43.4, 27.5, 29.1],\n",
       " [48.8, 25.3, 25.9],\n",
       " [46.5, 25.3, 28.2],\n",
       " [46.0, 25.9, 28.1],\n",
       " [44.7, 26.9, 28.4],\n",
       " [45.6, 27.1, 27.3],\n",
       " [44.5, 27.5, 28.0],\n",
       " [47.8, 25.5, 26.7],\n",
       " [41.7, 26.5, 31.8],\n",
       " [45.9, 26.7, 27.4],\n",
       " [39.2, 25.4, 35.4],\n",
       " [49.5, 25.1, 25.4],\n",
       " [41.8, 26.1, 32.1],\n",
       " [36.9, 28.2, 34.9],\n",
       " [37.7, 27.6, 34.7],\n",
       " [35.4, 26.5, 38.1],\n",
       " [40.2, 25.6, 34.2],\n",
       " [49.3, 25.3, 25.4],\n",
       " [47.5, 25.9, 26.6],\n",
       " [43.3, 28.0, 28.7],\n",
       " [49.3, 25.2, 25.5],\n",
       " [42.5, 27.4, 30.1],\n",
       " [40.1, 25.9, 34.0],\n",
       " [41.8, 25.8, 32.4],\n",
       " [44.6, 27.0, 28.4],\n",
       " [48.7, 25.4, 25.9],\n",
       " [39.0, 26.7, 34.3],\n",
       " [49.6, 25.0, 25.4],\n",
       " [48.7, 25.4, 25.9],\n",
       " [36.9, 25.4, 37.7],\n",
       " [42.3, 27.0, 30.7],\n",
       " [36.3, 29.7, 34.0],\n",
       " [37.9, 28.2, 33.9],\n",
       " [39.4, 25.4, 35.2],\n",
       " [38.1, 27.2, 34.7],\n",
       " [48.4, 25.6, 26.0],\n",
       " [36.9, 29.1, 34.0],\n",
       " [43.3, 26.8, 29.9],\n",
       " [46.7, 26.2, 27.1],\n",
       " [37.5, 30.1, 32.4],\n",
       " [44.3, 27.4, 28.3],\n",
       " [42.1, 27.3, 30.6],\n",
       " [35.9, 30.7, 33.4],\n",
       " [42.5, 25.8, 31.7],\n",
       " [41.8, 25.1, 33.1],\n",
       " [37.5, 28.7, 33.8],\n",
       " [35.0, 27.4, 37.6],\n",
       " [46.3, 25.2, 28.5],\n",
       " [45.7, 25.8, 28.5],\n",
       " [49.0, 25.3, 25.7],\n",
       " [35.6, 25.0, 39.4],\n",
       " [47.9, 25.8, 26.3],\n",
       " [45.6, 25.9, 28.5],\n",
       " [48.3, 25.5, 26.2],\n",
       " [37.5, 29.2, 33.3],\n",
       " [49.8, 25.0, 25.2],\n",
       " [35.6, 29.8, 34.6],\n",
       " [39.5, 26.2, 34.3],\n",
       " [39.8, 26.9, 33.3],\n",
       " [37.3, 28.0, 34.7],\n",
       " [38.1, 29.6, 32.3],\n",
       " [45.1, 25.1, 29.8],\n",
       " [36.4, 25.3, 38.3],\n",
       " [43.7, 25.0, 31.3],\n",
       " [47.8, 25.8, 26.4],\n",
       " [41.9, 25.5, 32.6],\n",
       " [36.2, 25.7, 38.1],\n",
       " [41.8, 28.7, 29.5],\n",
       " [45.5, 27.0, 27.5],\n",
       " [42.5, 28.5, 29.0],\n",
       " [46.7, 25.8, 27.5],\n",
       " [40.6, 27.4, 32.0],\n",
       " [37.2, 28.8, 34.0],\n",
       " [48.0, 25.3, 26.7],\n",
       " [41.0, 29.4, 29.6],\n",
       " [44.5, 25.6, 29.9],\n",
       " [39.9, 27.2, 32.9],\n",
       " [41.7, 27.1, 31.2],\n",
       " [49.8, 25.0, 25.2],\n",
       " [41.3, 25.6, 33.1],\n",
       " [47.5, 25.2, 27.3],\n",
       " [44.2, 26.9, 28.9],\n",
       " [45.6, 25.3, 29.1]]"
      ]
     },
     "execution_count": 37,
     "metadata": {},
     "output_type": "execute_result"
    }
   ],
   "source": [
    "bins"
   ]
  },
  {
   "cell_type": "markdown",
   "metadata": {},
   "source": [
    "First-fit"
   ]
  },
  {
   "cell_type": "code",
   "execution_count": 39,
   "metadata": {},
   "outputs": [
    {
     "name": "stdout",
     "output_type": "stream",
     "text": [
      "167\n"
     ]
    }
   ],
   "source": [
    "def first_fit(items, bin_capacity):\n",
    "    bins = []\n",
    "\n",
    "    for item in items:\n",
    "        placed = False\n",
    "        for bin in bins:\n",
    "            if sum(bin) + item <= bin_capacity + 1e-5:\n",
    "                bin.append(item)\n",
    "                placed = True\n",
    "                break\n",
    "\n",
    "        if not placed:\n",
    "            bins.append([item])\n",
    "\n",
    "    return bins\n",
    "\n",
    "bins = first_fit(items, bin_size)\n",
    "print(len(bins))"
   ]
  },
  {
   "cell_type": "code",
   "execution_count": 25,
   "metadata": {},
   "outputs": [
    {
     "data": {
      "text/plain": [
       "[[36.6, 26.8, 36.6],\n",
       " [43.0, 26.3, 30.7],\n",
       " [41.4, 28.7, 29.9],\n",
       " [49.5, 25.1, 25.4],\n",
       " [47.4, 25.2, 27.4],\n",
       " [37.0, 26.9, 36.1],\n",
       " [47.3, 25.2, 27.5],\n",
       " [47.2, 25.9, 26.9],\n",
       " [44.4, 25.8, 29.8],\n",
       " [43.9, 27.3, 28.8],\n",
       " [44.5, 27.2, 28.3],\n",
       " [41.9, 26.1, 32.0],\n",
       " [36.3, 27.1, 36.6],\n",
       " [35.5, 27.3, 37.2],\n",
       " [46.6, 26.2, 27.2],\n",
       " [35.7, 29.2, 35.1],\n",
       " [39.5, 25.5, 35.0],\n",
       " [35.0, 30.3, 34.7],\n",
       " [45.0, 25.2, 29.8],\n",
       " [41.0, 27.5, 31.5],\n",
       " [40.7, 26.0, 33.3],\n",
       " [36.6, 27.1, 36.3],\n",
       " [35.0, 29.4, 35.6],\n",
       " [48.0, 25.3, 26.7],\n",
       " [44.6, 25.9, 29.5],\n",
       " [37.6, 26.7, 35.7],\n",
       " [36.6, 28.2, 35.2],\n",
       " [47.8, 25.6, 26.6],\n",
       " [42.0, 25.1, 32.9],\n",
       " [43.4, 25.2, 31.4],\n",
       " [47.0, 25.4, 27.6],\n",
       " [49.7, 25.0, 25.3],\n",
       " [49.7, 25.0, 25.3],\n",
       " [44.5, 25.4, 30.1],\n",
       " [41.2, 26.3, 32.5],\n",
       " [40.0, 29.8, 30.2],\n",
       " [36.2, 28.2, 35.6],\n",
       " [40.5, 25.9, 33.6],\n",
       " [39.7, 29.0, 31.3],\n",
       " [48.5, 25.3, 26.2],\n",
       " [36.7, 27.4, 35.9],\n",
       " [35.5, 26.3, 38.2],\n",
       " [47.1, 25.8, 27.1],\n",
       " [46.4, 25.9, 27.7],\n",
       " [42.6, 28.1, 29.3],\n",
       " [49.8, 25.0, 25.2],\n",
       " [39.2, 25.7, 35.1],\n",
       " [48.5, 25.1, 26.4],\n",
       " [44.1, 27.2, 28.7],\n",
       " [39.2, 27.5, 33.3],\n",
       " [35.0, 26.4, 38.6],\n",
       " [49.1, 25.1, 25.8],\n",
       " [43.7, 25.5, 30.8],\n",
       " [47.3, 25.1, 27.6],\n",
       " [41.5, 25.5, 33.0],\n",
       " [49.5, 25.0, 25.5],\n",
       " [48.8, 25.3, 25.9],\n",
       " [48.5, 25.5, 26.0],\n",
       " [41.9, 28.7, 29.4],\n",
       " [46.9, 25.0, 28.1],\n",
       " [38.5, 26.9, 34.6],\n",
       " [49.0, 25.2, 25.8],\n",
       " [46.2, 26.4, 27.4],\n",
       " [49.7, 25.0, 25.3],\n",
       " [42.6, 26.2, 31.2],\n",
       " [44.6, 27.4, 28.0],\n",
       " [39.2, 29.4, 31.4],\n",
       " [49.2, 25.0, 25.8],\n",
       " [49.1, 25.0, 25.9],\n",
       " [36.7, 27.6, 25.1],\n",
       " [35.7, 49.6],\n",
       " [25.3, 40.6, 25.2],\n",
       " [34.2, 44.1],\n",
       " [25.4, 30.5, 25.4],\n",
       " [48.5, 26.1, 25.0],\n",
       " [37.0, 29.3, 33.7],\n",
       " [42.1, 27.1, 30.8],\n",
       " [39.3, 29.7, 31.0],\n",
       " [47.9, 27.1, 25.0],\n",
       " [48.1, 26.9, 25.0],\n",
       " [48.0, 25.5, 26.5],\n",
       " [36.5, 29.1, 34.4],\n",
       " [42.2, 26.0, 31.8],\n",
       " [40.4, 27.8, 31.8],\n",
       " [39.3, 26.3, 34.4],\n",
       " [43.4, 27.5, 29.1],\n",
       " [48.8, 25.3, 25.9],\n",
       " [46.5, 25.3, 28.2],\n",
       " [46.0, 25.9, 28.1],\n",
       " [44.7, 26.9, 28.4],\n",
       " [45.6, 27.1, 27.3],\n",
       " [44.5, 27.5, 28.0],\n",
       " [47.8, 25.5, 26.7],\n",
       " [41.7, 26.5, 31.8],\n",
       " [45.9, 26.7, 27.4],\n",
       " [39.2, 25.4, 35.4],\n",
       " [49.5, 25.1, 25.4],\n",
       " [41.8, 26.1, 32.1],\n",
       " [36.9, 28.2, 34.9],\n",
       " [37.7, 27.6, 26.5],\n",
       " [34.7, 35.4, 25.6],\n",
       " [38.1, 40.2],\n",
       " [34.2, 49.3],\n",
       " [25.3, 25.4, 47.5],\n",
       " [25.9, 26.6, 43.3],\n",
       " [28.0, 28.7, 25.2],\n",
       " [49.3, 25.5, 25.1],\n",
       " [42.5, 27.4, 30.1],\n",
       " [40.1, 25.9, 34.0],\n",
       " [41.8, 25.8, 32.4],\n",
       " [44.6, 27.0, 28.4],\n",
       " [48.7, 25.4, 25.9],\n",
       " [39.0, 26.7, 34.3],\n",
       " [49.6, 25.4, 25.0],\n",
       " [48.7, 25.4, 25.9],\n",
       " [36.9, 25.4, 37.7],\n",
       " [42.3, 27.0, 30.7],\n",
       " [36.3, 29.7, 34.0],\n",
       " [37.9, 28.2, 33.9],\n",
       " [39.4, 25.4, 35.2],\n",
       " [38.1, 27.2, 34.7],\n",
       " [48.4, 25.6, 26.0],\n",
       " [36.9, 29.1, 34.0],\n",
       " [43.3, 26.8, 29.9],\n",
       " [46.7, 26.2, 27.1],\n",
       " [37.5, 30.1, 32.4],\n",
       " [44.3, 27.4, 28.3],\n",
       " [42.1, 27.3, 30.6],\n",
       " [35.9, 30.7, 33.4],\n",
       " [42.5, 25.8, 31.7],\n",
       " [41.8, 33.1, 25.0],\n",
       " [37.5, 28.7, 33.8],\n",
       " [35.0, 27.4, 37.6],\n",
       " [46.3, 25.2, 28.5],\n",
       " [45.7, 25.8, 28.5],\n",
       " [49.0, 25.3, 25.7],\n",
       " [35.6, 39.4, 25.0],\n",
       " [47.9, 25.8, 26.3],\n",
       " [45.6, 25.9, 28.5],\n",
       " [48.3, 25.5, 26.2],\n",
       " [37.5, 29.2, 33.3],\n",
       " [49.8, 25.2, 25.0],\n",
       " [35.6, 29.8, 34.6],\n",
       " [39.5, 26.2, 34.3],\n",
       " [39.8, 26.9, 33.3],\n",
       " [37.3, 28.0, 34.7],\n",
       " [38.1, 29.6, 32.3],\n",
       " [45.1, 25.1, 29.8],\n",
       " [36.4, 25.3, 38.3],\n",
       " [43.7, 31.3],\n",
       " [47.8, 25.8, 26.4],\n",
       " [41.9, 25.5, 32.6],\n",
       " [36.2, 25.7, 38.1],\n",
       " [41.8, 28.7, 29.5],\n",
       " [45.5, 27.0, 27.5],\n",
       " [42.5, 28.5, 29.0],\n",
       " [46.7, 25.8, 27.5],\n",
       " [40.6, 27.4, 32.0],\n",
       " [37.2, 28.8, 34.0],\n",
       " [48.0, 25.3, 26.7],\n",
       " [41.0, 29.4, 29.6],\n",
       " [44.5, 25.6, 29.9],\n",
       " [39.9, 27.2, 32.9],\n",
       " [41.7, 27.1, 25.2],\n",
       " [31.2, 49.8],\n",
       " [41.3, 25.6, 33.1],\n",
       " [47.5, 25.2, 27.3],\n",
       " [44.2, 26.9, 28.9],\n",
       " [45.6, 25.3, 29.1]]"
      ]
     },
     "execution_count": 25,
     "metadata": {},
     "output_type": "execute_result"
    }
   ],
   "source": [
    "bins"
   ]
  },
  {
   "cell_type": "markdown",
   "metadata": {},
   "source": [
    "# Online"
   ]
  },
  {
   "cell_type": "markdown",
   "metadata": {},
   "source": [
    "First-fit-decreasing"
   ]
  },
  {
   "cell_type": "code",
   "execution_count": 42,
   "metadata": {},
   "outputs": [
    {
     "name": "stdout",
     "output_type": "stream",
     "text": [
      "190\n"
     ]
    }
   ],
   "source": [
    "\n",
    "def first_fit_decreasing(items, bin_capacity):\n",
    "    sorted_items = np.sort(items)[::-1]\n",
    "    return first_fit(sorted_items, bin_capacity)\n",
    "\n",
    "bins = first_fit_decreasing(items, bin_size)\n",
    "print(len(bins))"
   ]
  },
  {
   "cell_type": "code",
   "execution_count": 43,
   "metadata": {},
   "outputs": [
    {
     "data": {
      "text/plain": [
       "[[49.8, 49.8],\n",
       " [49.8, 49.7],\n",
       " [49.7, 49.7],\n",
       " [49.6, 49.6],\n",
       " [49.5, 49.5],\n",
       " [49.5, 49.3],\n",
       " [49.3, 49.2],\n",
       " [49.1, 49.1],\n",
       " [49.0, 49.0],\n",
       " [48.8, 48.8],\n",
       " [48.7, 48.7],\n",
       " [48.5, 48.5],\n",
       " [48.5, 48.5],\n",
       " [48.4, 48.3],\n",
       " [48.1, 48.0],\n",
       " [48.0, 48.0],\n",
       " [47.9, 47.9],\n",
       " [47.8, 47.8],\n",
       " [47.8, 47.5],\n",
       " [47.5, 47.4],\n",
       " [47.3, 47.3],\n",
       " [47.2, 47.1],\n",
       " [47.0, 46.9],\n",
       " [46.7, 46.7],\n",
       " [46.6, 46.5],\n",
       " [46.4, 46.3],\n",
       " [46.2, 46.0],\n",
       " [45.9, 45.7],\n",
       " [45.6, 45.6],\n",
       " [45.6, 45.5],\n",
       " [45.1, 45.0],\n",
       " [44.7, 44.6],\n",
       " [44.6, 44.6],\n",
       " [44.5, 44.5],\n",
       " [44.5, 44.5],\n",
       " [44.4, 44.3],\n",
       " [44.2, 44.1],\n",
       " [44.1, 43.9],\n",
       " [43.7, 43.7],\n",
       " [43.4, 43.4],\n",
       " [43.3, 43.3],\n",
       " [43.0, 42.6],\n",
       " [42.6, 42.5],\n",
       " [42.5, 42.5],\n",
       " [42.3, 42.2],\n",
       " [42.1, 42.1],\n",
       " [42.0, 41.9],\n",
       " [41.9, 41.9],\n",
       " [41.8, 41.8],\n",
       " [41.8, 41.8],\n",
       " [41.7, 41.7],\n",
       " [41.5, 41.4],\n",
       " [41.3, 41.2],\n",
       " [41.0, 41.0],\n",
       " [40.7, 40.6],\n",
       " [40.6, 40.5],\n",
       " [40.4, 40.2],\n",
       " [40.1, 40.0],\n",
       " [39.9, 39.8],\n",
       " [39.7, 39.5],\n",
       " [39.5, 39.4],\n",
       " [39.4, 39.3],\n",
       " [39.3, 39.2],\n",
       " [39.2, 39.2],\n",
       " [39.2, 39.0],\n",
       " [38.6, 38.5],\n",
       " [38.3, 38.2],\n",
       " [38.1, 38.1],\n",
       " [38.1, 38.1],\n",
       " [37.9, 37.7],\n",
       " [37.7, 37.6],\n",
       " [37.6, 37.5],\n",
       " [37.5, 37.5, 25.0],\n",
       " [37.3, 37.2, 25.5],\n",
       " [37.2, 37.0, 25.8],\n",
       " [37.0, 36.9, 26.1],\n",
       " [36.9, 36.9, 26.2],\n",
       " [36.7, 36.7, 26.6],\n",
       " [36.6, 36.6, 26.8],\n",
       " [36.6, 36.6, 26.8],\n",
       " [36.6, 36.5, 26.9],\n",
       " [36.4, 36.3, 27.3],\n",
       " [36.3, 36.3, 27.4],\n",
       " [36.2, 36.2, 27.6],\n",
       " [36.1, 35.9, 28.0],\n",
       " [35.9, 35.7, 28.4],\n",
       " [35.7, 35.7, 28.5],\n",
       " [35.6, 35.6, 28.8],\n",
       " [35.6, 35.6, 28.8],\n",
       " [35.5, 35.5, 29.0],\n",
       " [35.4, 35.4, 29.2],\n",
       " [35.2, 35.2, 29.6],\n",
       " [35.1, 35.1, 29.8],\n",
       " [35.0, 35.0, 29.9],\n",
       " [35.0, 35.0, 29.9],\n",
       " [35.0, 34.9, 30.1],\n",
       " [34.7, 34.7, 30.6],\n",
       " [34.7, 34.7, 30.5],\n",
       " [34.6, 34.6, 30.8],\n",
       " [34.4, 34.4, 31.2],\n",
       " [34.3, 34.3, 31.4],\n",
       " [34.2, 34.2, 31.5],\n",
       " [34.0, 34.0, 32.0],\n",
       " [34.0, 34.0, 32.0],\n",
       " [33.9, 33.8, 32.3],\n",
       " [33.7, 33.6, 32.6],\n",
       " [33.4, 33.3, 33.3],\n",
       " [33.3, 33.3, 33.1],\n",
       " [33.1, 33.0, 32.9],\n",
       " [32.9, 32.5, 32.4],\n",
       " [32.4, 32.1, 31.8],\n",
       " [31.8, 31.8, 31.7],\n",
       " [31.4, 31.3, 31.3],\n",
       " [31.2, 31.0, 30.8],\n",
       " [30.7, 30.7, 30.7],\n",
       " [30.3, 30.2, 30.1],\n",
       " [30.1, 29.9, 29.8],\n",
       " [29.8, 29.8, 29.8],\n",
       " [29.7, 29.7, 29.6],\n",
       " [29.5, 29.5, 29.4],\n",
       " [29.4, 29.4, 29.4],\n",
       " [29.3, 29.3, 29.2],\n",
       " [29.1, 29.1, 29.1],\n",
       " [29.1, 29.0, 28.9],\n",
       " [28.7, 28.7, 28.7],\n",
       " [28.7, 28.7, 28.7],\n",
       " [28.5, 28.5, 28.5],\n",
       " [28.4, 28.3, 28.3],\n",
       " [28.2, 28.2, 28.2],\n",
       " [28.2, 28.2, 28.1],\n",
       " [28.1, 28.1, 28.0],\n",
       " [28.0, 28.0, 27.8],\n",
       " [27.7, 27.6, 27.6],\n",
       " [27.6, 27.5, 27.5],\n",
       " [27.5, 27.5, 27.5],\n",
       " [27.5, 27.5, 27.4],\n",
       " [27.4, 27.4, 27.4],\n",
       " [27.4, 27.4, 27.4],\n",
       " [27.4, 27.3, 27.3],\n",
       " [27.3, 27.3, 27.2],\n",
       " [27.2, 27.2, 27.2],\n",
       " [27.2, 27.1, 27.1],\n",
       " [27.1, 27.1, 27.1],\n",
       " [27.1, 27.1, 27.1],\n",
       " [27.0, 27.0, 27.0],\n",
       " [26.9, 26.9, 26.9],\n",
       " [26.9, 26.9, 26.9],\n",
       " [26.7, 26.7, 26.7],\n",
       " [26.7, 26.7, 26.7],\n",
       " [26.6, 26.5, 26.5],\n",
       " [26.5, 26.4, 26.4],\n",
       " [26.4, 26.4, 26.3],\n",
       " [26.3, 26.3, 26.3],\n",
       " [26.3, 26.2, 26.2],\n",
       " [26.2, 26.2, 26.2],\n",
       " [26.1, 26.1, 26.0],\n",
       " [26.0, 26.0, 26.0],\n",
       " [25.9, 25.9, 25.9],\n",
       " [25.9, 25.9, 25.9],\n",
       " [25.9, 25.9, 25.9],\n",
       " [25.9, 25.9, 25.9],\n",
       " [25.9, 25.8, 25.8],\n",
       " [25.8, 25.8, 25.8],\n",
       " [25.8, 25.8, 25.8],\n",
       " [25.8, 25.8, 25.7],\n",
       " [25.7, 25.7, 25.6],\n",
       " [25.6, 25.6, 25.6],\n",
       " [25.6, 25.5, 25.5],\n",
       " [25.5, 25.5, 25.5],\n",
       " [25.5, 25.5, 25.5],\n",
       " [25.5, 25.4, 25.4],\n",
       " [25.4, 25.4, 25.4],\n",
       " [25.4, 25.4, 25.4],\n",
       " [25.4, 25.4, 25.4],\n",
       " [25.4, 25.4, 25.3],\n",
       " [25.3, 25.3, 25.3],\n",
       " [25.3, 25.3, 25.3],\n",
       " [25.3, 25.3, 25.3],\n",
       " [25.3, 25.3, 25.3],\n",
       " [25.3, 25.2, 25.2],\n",
       " [25.2, 25.2, 25.2],\n",
       " [25.2, 25.2, 25.2],\n",
       " [25.2, 25.2, 25.2],\n",
       " [25.2, 25.1, 25.1],\n",
       " [25.1, 25.1, 25.1],\n",
       " [25.1, 25.1, 25.1],\n",
       " [25.1, 25.0, 25.0],\n",
       " [25.0, 25.0, 25.0, 25.0],\n",
       " [25.0, 25.0, 25.0, 25.0],\n",
       " [25.0, 25.0, 25.0, 25.0]]"
      ]
     },
     "execution_count": 43,
     "metadata": {},
     "output_type": "execute_result"
    }
   ],
   "source": [
    "bins"
   ]
  },
  {
   "cell_type": "markdown",
   "metadata": {},
   "source": [
    "Modified First-Fit-Decreasing (MFFD)"
   ]
  },
  {
   "cell_type": "code",
   "execution_count": 45,
   "metadata": {},
   "outputs": [
    {
     "name": "stdout",
     "output_type": "stream",
     "text": [
      "190\n"
     ]
    }
   ],
   "source": [
    "def modified_first_fit_decreasing(items, bin_capacity):\n",
    "    sorted_items = np.sort(items)[::-1]\n",
    "    bins = []\n",
    "\n",
    "    for item in sorted_items:\n",
    "        bin_found = False\n",
    "        \n",
    "        for bin in bins:\n",
    "            if sum(bin) + item <= bin_capacity:\n",
    "                bin.append(item)\n",
    "                bin_found = True\n",
    "                break\n",
    "    \n",
    "        if not bin_found:\n",
    "            bins.append([item])\n",
    "\n",
    "    return bins\n",
    "\n",
    "bins = modified_first_fit_decreasing(items, bin_size)\n",
    "print(len(bins))"
   ]
  },
  {
   "cell_type": "code",
   "execution_count": 46,
   "metadata": {},
   "outputs": [
    {
     "data": {
      "text/plain": [
       "[[49.8, 49.8],\n",
       " [49.8, 49.7],\n",
       " [49.7, 49.7],\n",
       " [49.6, 49.6],\n",
       " [49.5, 49.5],\n",
       " [49.5, 49.3],\n",
       " [49.3, 49.2],\n",
       " [49.1, 49.1],\n",
       " [49.0, 49.0],\n",
       " [48.8, 48.8],\n",
       " [48.7, 48.7],\n",
       " [48.5, 48.5],\n",
       " [48.5, 48.5],\n",
       " [48.4, 48.3],\n",
       " [48.1, 48.0],\n",
       " [48.0, 48.0],\n",
       " [47.9, 47.9],\n",
       " [47.8, 47.8],\n",
       " [47.8, 47.5],\n",
       " [47.5, 47.4],\n",
       " [47.3, 47.3],\n",
       " [47.2, 47.1],\n",
       " [47.0, 46.9],\n",
       " [46.7, 46.7],\n",
       " [46.6, 46.5],\n",
       " [46.4, 46.3],\n",
       " [46.2, 46.0],\n",
       " [45.9, 45.7],\n",
       " [45.6, 45.6],\n",
       " [45.6, 45.5],\n",
       " [45.1, 45.0],\n",
       " [44.7, 44.6],\n",
       " [44.6, 44.6],\n",
       " [44.5, 44.5],\n",
       " [44.5, 44.5],\n",
       " [44.4, 44.3],\n",
       " [44.2, 44.1],\n",
       " [44.1, 43.9],\n",
       " [43.7, 43.7],\n",
       " [43.4, 43.4],\n",
       " [43.3, 43.3],\n",
       " [43.0, 42.6],\n",
       " [42.6, 42.5],\n",
       " [42.5, 42.5],\n",
       " [42.3, 42.2],\n",
       " [42.1, 42.1],\n",
       " [42.0, 41.9],\n",
       " [41.9, 41.9],\n",
       " [41.8, 41.8],\n",
       " [41.8, 41.8],\n",
       " [41.7, 41.7],\n",
       " [41.5, 41.4],\n",
       " [41.3, 41.2],\n",
       " [41.0, 41.0],\n",
       " [40.7, 40.6],\n",
       " [40.6, 40.5],\n",
       " [40.4, 40.2],\n",
       " [40.1, 40.0],\n",
       " [39.9, 39.8],\n",
       " [39.7, 39.5],\n",
       " [39.5, 39.4],\n",
       " [39.4, 39.3],\n",
       " [39.3, 39.2],\n",
       " [39.2, 39.2],\n",
       " [39.2, 39.0],\n",
       " [38.6, 38.5],\n",
       " [38.3, 38.2],\n",
       " [38.1, 38.1],\n",
       " [38.1, 38.1],\n",
       " [37.9, 37.7],\n",
       " [37.7, 37.6],\n",
       " [37.6, 37.5],\n",
       " [37.5, 37.5, 25.0],\n",
       " [37.3, 37.2, 25.5],\n",
       " [37.2, 37.0, 25.8],\n",
       " [37.0, 36.9, 26.1],\n",
       " [36.9, 36.9, 26.2],\n",
       " [36.7, 36.7, 26.6],\n",
       " [36.6, 36.6, 26.8],\n",
       " [36.6, 36.6, 26.8],\n",
       " [36.6, 36.5, 26.9],\n",
       " [36.4, 36.3, 27.3],\n",
       " [36.3, 36.3, 27.4],\n",
       " [36.2, 36.2, 27.6],\n",
       " [36.1, 35.9, 28.0],\n",
       " [35.9, 35.7, 28.4],\n",
       " [35.7, 35.7, 28.5],\n",
       " [35.6, 35.6, 28.8],\n",
       " [35.6, 35.6, 28.8],\n",
       " [35.5, 35.5, 29.0],\n",
       " [35.4, 35.4, 29.2],\n",
       " [35.2, 35.2, 29.6],\n",
       " [35.1, 35.1, 29.8],\n",
       " [35.0, 35.0, 29.9],\n",
       " [35.0, 35.0, 29.9],\n",
       " [35.0, 34.9, 30.1],\n",
       " [34.7, 34.7, 30.6],\n",
       " [34.7, 34.7, 30.5],\n",
       " [34.6, 34.6, 30.8],\n",
       " [34.4, 34.4, 31.2],\n",
       " [34.3, 34.3, 31.4],\n",
       " [34.2, 34.2, 31.5],\n",
       " [34.0, 34.0, 32.0],\n",
       " [34.0, 34.0, 32.0],\n",
       " [33.9, 33.8, 32.3],\n",
       " [33.7, 33.6, 32.6],\n",
       " [33.4, 33.3, 33.3],\n",
       " [33.3, 33.3, 33.1],\n",
       " [33.1, 33.0, 32.9],\n",
       " [32.9, 32.5, 32.4],\n",
       " [32.4, 32.1, 31.8],\n",
       " [31.8, 31.8, 31.7],\n",
       " [31.4, 31.3, 31.3],\n",
       " [31.2, 31.0, 30.8],\n",
       " [30.7, 30.7, 30.7],\n",
       " [30.3, 30.2, 30.1],\n",
       " [30.1, 29.9, 29.8],\n",
       " [29.8, 29.8, 29.8],\n",
       " [29.7, 29.7, 29.6],\n",
       " [29.5, 29.5, 29.4],\n",
       " [29.4, 29.4, 29.4],\n",
       " [29.3, 29.3, 29.2],\n",
       " [29.1, 29.1, 29.1],\n",
       " [29.1, 29.0, 28.9],\n",
       " [28.7, 28.7, 28.7],\n",
       " [28.7, 28.7, 28.7],\n",
       " [28.5, 28.5, 28.5],\n",
       " [28.4, 28.3, 28.3],\n",
       " [28.2, 28.2, 28.2],\n",
       " [28.2, 28.2, 28.1],\n",
       " [28.1, 28.1, 28.0],\n",
       " [28.0, 28.0, 27.8],\n",
       " [27.7, 27.6, 27.6],\n",
       " [27.6, 27.5, 27.5],\n",
       " [27.5, 27.5, 27.5],\n",
       " [27.5, 27.5, 27.4],\n",
       " [27.4, 27.4, 27.4],\n",
       " [27.4, 27.4, 27.4],\n",
       " [27.4, 27.3, 27.3],\n",
       " [27.3, 27.3, 27.2],\n",
       " [27.2, 27.2, 27.2],\n",
       " [27.2, 27.1, 27.1],\n",
       " [27.1, 27.1, 27.1],\n",
       " [27.1, 27.1, 27.1],\n",
       " [27.0, 27.0, 27.0],\n",
       " [26.9, 26.9, 26.9],\n",
       " [26.9, 26.9, 26.9],\n",
       " [26.7, 26.7, 26.7],\n",
       " [26.7, 26.7, 26.7],\n",
       " [26.6, 26.5, 26.5],\n",
       " [26.5, 26.4, 26.4],\n",
       " [26.4, 26.4, 26.3],\n",
       " [26.3, 26.3, 26.3],\n",
       " [26.3, 26.2, 26.2],\n",
       " [26.2, 26.2, 26.2],\n",
       " [26.1, 26.1, 26.0],\n",
       " [26.0, 26.0, 26.0],\n",
       " [25.9, 25.9, 25.9],\n",
       " [25.9, 25.9, 25.9],\n",
       " [25.9, 25.9, 25.9],\n",
       " [25.9, 25.9, 25.9],\n",
       " [25.9, 25.8, 25.8],\n",
       " [25.8, 25.8, 25.8],\n",
       " [25.8, 25.8, 25.8],\n",
       " [25.8, 25.8, 25.7],\n",
       " [25.7, 25.7, 25.6],\n",
       " [25.6, 25.6, 25.6],\n",
       " [25.6, 25.5, 25.5],\n",
       " [25.5, 25.5, 25.5],\n",
       " [25.5, 25.5, 25.5],\n",
       " [25.5, 25.4, 25.4],\n",
       " [25.4, 25.4, 25.4],\n",
       " [25.4, 25.4, 25.4],\n",
       " [25.4, 25.4, 25.4],\n",
       " [25.4, 25.4, 25.3],\n",
       " [25.3, 25.3, 25.3],\n",
       " [25.3, 25.3, 25.3],\n",
       " [25.3, 25.3, 25.3],\n",
       " [25.3, 25.3, 25.3],\n",
       " [25.3, 25.2, 25.2],\n",
       " [25.2, 25.2, 25.2],\n",
       " [25.2, 25.2, 25.2],\n",
       " [25.2, 25.2, 25.2],\n",
       " [25.2, 25.1, 25.1],\n",
       " [25.1, 25.1, 25.1],\n",
       " [25.1, 25.1, 25.1],\n",
       " [25.1, 25.0, 25.0],\n",
       " [25.0, 25.0, 25.0, 25.0],\n",
       " [25.0, 25.0, 25.0, 25.0],\n",
       " [25.0, 25.0, 25.0, 25.0]]"
      ]
     },
     "execution_count": 46,
     "metadata": {},
     "output_type": "execute_result"
    }
   ],
   "source": [
    "bins"
   ]
  },
  {
   "cell_type": "markdown",
   "metadata": {},
   "source": [
    "Martello Lower Bound"
   ]
  },
  {
   "attachments": {
    "image.png": {
